207   -0.242572   -0.71516   0.439584   0.3223   -0.113349   -0.596424   0.334079   0.415946   0.276259   -0.294045   452.396
376   -0.870269   0.0447816   0.290276   0.0137348   0.00295443   -0.0849767   -0.572291   -0.17526   0.0656009   -0.320208   721.419
4388   -0.409813   -0.0110944   0.0996601   -0.0835472   0.0102291   -0.00553786   0.0122025   -0.0226368   0.00398786   0.0649101   3301.92
368   -0.11339   -0.0816658   0.349776   0.035987   1.66607   0.112576   0.211565   0.0322452   -0.00145947   -0.113715   1199.32
24   -1.268   0.263507   -0.575484   0.633416   0.152884   -0.015943   0.0388336   -0.519958   1.60334   0.932072   158.642
59   -1.26652   0.152438   0.357812   -0.355734   -0.0320763   -0.0628883   -0.316821   -0.132955   0.0605541   -0.261456   148.982
70   -1.32987   0.253378   -0.0328315   -0.330589   -0.108884   0.0173075   0.267688   -0.050232   -0.0169012   -0.156453   185.066
182   -1.19246   0.189207   0.381088   -0.894001   -0.0745936   0.0728011   0.343902   0.206386   -0.0400143   0.250121   588.543
55   -1.76465   0.268371   0.660294   -1.49873   -0.143704   0.118695   0.711052   0.109945   0.0239911   0.38293   393.405
34   -1.53152   0.169272   0.258442   0.0248719   -0.0141322   -0.107502   -0.758742   -0.0921062   0.0280476   -0.474435   130.218
4   -2.2888   0.425099   0.0871428   -0.790903   -0.181439   0.0688358   0.24103   0.448942   -0.0543455   0.034866   26.2164
8   -1.74534   0.298614   -0.493699   0.761076   0.104261   -0.039887   -0.645663   -0.179908   0.666506   0.0928114   43.0627
5   -1.55075   0.319149   -0.621505   0.629488   0.0419408   0.001452   -0.0214804   0.134934   -0.014685   0.0997788   18.8965
6   -2.37421   0.495539   -0.98249   0.917088   -0.0520442   0.0246685   0.668321   -0.650213   -0.717926   -0.827936   61.6149
2   -2.60141   0.586053   -1.4467   1.22975   -0.100137   0.109618   1.86647   -1.51529   -1.69457   -1.71033   44.8703
11   -2.49255   0.565569   -1.33126   0.993444   -0.0859225   0.113167   1.8762   -1.43373   -0.900874   -1.02096   190.113
2   -3.16188   0.617541   -1.19397   1.19768   0.149641   0.0284865   1.09136   -1.46791   -0.139134   -1.07327   36.147
1   -3.19801   0.64532   -1.44694   1.54485   0.052179   0.083565   0.770036   -0.401051   -1.2819   -0.970683   18.4729
1   -3.86325   0.842807   -1.5574   0.909216   -0.1802   0.169203   1.98811   -0.524175   -1.64502   -0.815457   26.5467
2   -3.09063   0.723716   -1.94753   1.53732   -0.13542   0.200052   3.06352   -2.58419   -2.16104   -2.45893   86.2466
1   -4.0912   0.879147   -1.98606   1.74621   -0.130423   0.082977   1.81551   -1.44348   -1.19075   -1.53501   33.6822
3   -2.82332   0.59889   -0.814563   0.204654   -0.24878   0.0509157   1.31523   -0.840648   -0.45646   -0.789536   38.1052
1   -3.07206   0.692347   -1.89602   1.89095   0.099364   0.059798   1.27654   -1.1572   1.17292   1.13865   22.7419
66   -1.51616   0.340887   -0.852979   0.713644   -0.028288   0.0656741   1.09235   -0.748469   -0.652038   -0.545798   440.588
105   -1.08176   0.238383   -0.56514   0.512634   -0.00104127   0.033248   0.502019   -0.246428   -0.406729   -0.21992   307.096
24   -1.15254   0.239856   -0.467988   0.416086   0.0244971   0.0170731   0.293216   -0.22905   0.141164   0.0844146   60.3696
2   -1.62798   0.29096   0.273684   -0.687547   -0.16833   -0.057676   -0.160365   -0.274118   0.323264   -0.457531   7.72278
1   -2.58381   0.421923   -0.010668   -0.108228   -0.150029   -0.071186   -0.31115   -0.304083   0.153834   -0.736986   7.6496
2   -2.79363   0.378893   -0.014866   0.411332   -0.060737   -0.171383   -0.915897   -0.0207625   0.205712   -0.231539   18.3651
2   -3.15516   0.32909   0.510433   0.13024   -0.019014   -0.223371   -1.53553   0.141755   -0.149404   -0.841067   27.3782
6   -2.56536   0.382284   0.362262   -0.372271   -0.137352   -0.142346   -1.1604   0.176915   -0.000954667   -0.748389   56.8395
7   -2.80063   0.512999   0.0413769   -0.622793   -0.259203   -0.0193143   -0.226239   0.490783   -0.346551   -0.552843   68.3926
1   -2.8639   0.257657   0.932715   -0.571643   -0.093737   -0.248356   -0.871256   0.010212   -0.673318   -0.641824   11.16
1   -3.87603   0.607738   0.49979   -0.912877   -0.419214   -0.157866   -0.411717   -0.657319   0.028282   -1.59343   19.8181
1   -3.14663   0.620342   -0.606444   -0.052997   -0.233101   0.111875   0.922663   0.302498   -1.23355   -0.850583   13.9115
2   -3.63572   0.520921   0.0061985   0.631138   -0.00905   -0.214951   -2.2904   1.13964   -0.523428   -0.478178   42.2934
1   -3.02436   0.314432   0.396085   0.136495   0.597403   0.015349   -1.84479   1.02403   -0.534295   -0.053534   14.5185
1   -3.25276   0.586265   -0.185373   -0.05735   -0.091209   -0.008438   -1.01669   1.59424   -0.989047   -0.181644   15.5567
1   -3.12949   0.351913   -0.130006   1.2524   0.35783   -0.231426   -1.50213   0.503579   -0.239672   -0.189444   14.2879
1   -2.34919   0.350985   -0.512043   1.04892   0.033732   -0.11002   -0.687105   0.503711   -0.175162   -0.125471   7.78983
6   -3.40967   0.639849   -0.881809   1.07277   0.218212   -0.0265035   -1.0075   1.54778   -0.579876   0.120964   108.863
5   -3.00851   0.62068   -1.16545   1.19306   0.105219   0.0111858   -0.466043   1.58534   -0.811838   0.387293   81.1349
1   -2.75361   0.55285   -1.02109   1.23257   0.050216   -0.053806   -0.368759   0.333398   -0.900344   -0.735971   12.0547
10   -2.89008   0.641065   -1.52051   1.494   0.137094   0.0782735   0.241897   1.74477   -1.27054   0.933391   193.841
3   -3.81306   0.793296   -1.70762   1.85227   0.549284   0.0784133   0.108037   1.89821   -1.49079   0.746078   85.7543
1   -3.91902   0.645155   -1.42868   2.00561   0.089483   0.120075   -0.332924   -0.043517   -2.08453   -1.29601   27.9985
1   -4.1823   0.881388   -2.26212   2.43095   0.099435   0.071901   0.820406   0.976893   -2.22788   0.026215   35.9018
2   -3.90418   0.700242   -1.47885   1.77594   0.054053   0.060134   0.184225   0.545881   -1.28793   -0.002251   46.7142
2   -2.07274   0.469262   -1.06411   0.990578   0.087676   0.06197   0.13559   1.20167   -1.00482   0.452434   19.0254
1   -2.76676   0.647627   -1.69592   1.50196   0.040876   0.115563   1.19422   0.872227   -1.81187   0.064411   18.6954
1   -4.02706   0.56804   -1.19109   2.11242   0.223417   0.038557   -1.73089   2.42605   -1.54214   0.73742   34.276
1   -4.234   0.881986   -1.62874   1.60062   0.414415   0.051538   -0.669737   3.07103   -1.25131   1.24817   37.0973
6   -2.54693   0.47335   -0.759727   0.85779   0.132394   0.0486817   -0.852711   1.48553   -0.622422   0.518311   72.5672
1   -2.93162   0.511004   -0.205481   0.175023   0.86885   0.126083   -0.738435   1.95159   -0.554549   0.822456   15.0371
4   -3.39943   0.492628   0.422935   -0.464338   -0.201887   -0.151045   -1.13003   0.187877   0.083557   -0.552978   56.8463
1   -3.93864   0.51892   0.389728   -0.375291   -0.327378   -0.167228   -0.756535   0.705238   -0.815424   -0.451499   18.1485
1   -3.42995   0.697961   -0.819974   0.38499   -0.210547   -0.019769   0.140073   -0.002217   -0.647059   -1.22109   15.0464
1   -3.25134   -0.003692   1.46132   0.297771   0.414172   -0.308863   -2.28765   -1.06889   0.504731   -0.615346   20.0715
17   -2.66862   0.422495   0.389299   -0.971485   -0.271917   -0.0178899   0.0930051   -0.115474   0.137215   -0.365776   156.691
1   -2.76643   0.224579   1.01957   -0.697091   -0.388005   -0.207664   -0.650903   -0.898408   -0.008804   -1.17889   12.0434
3   -3.77689   0.45052   1.26793   -1.91747   -0.468567   -0.034363   0.177183   0.0343397   -0.050556   -0.23648   61.0721
2   -3.73919   0.66448   0.507508   -1.79953   -0.123005   0.126686   0.928106   -0.0924355   0.227482   -0.093746   38.1951
2   -3.06573   0.467898   1.17753   -2.71289   -0.275648   0.246314   1.15675   0.498889   -0.0520865   0.76234   41.6799
1   -2.35967   0.439231   0.767968   -2.45976   -0.359944   0.260384   1.67949   -0.141226   0.138789   0.498819   15.7072
1   -3.04976   0.611145   0.218461   -1.68868   -0.070598   0.194256   1.77196   -0.419052   0.071537   -0.017099   15.9374
12   -2.21952   0.422796   0.115408   -1.0153   -0.268065   0.0738242   1.04552   -0.523766   0.0459282   -0.322219   98.6644
2   -2.22626   0.42857   -0.387679   0.075529   -0.0995885   0.000223   0.218887   -0.265999   0.633873   0.138615   12.0266
17   -1.9102   0.409802   -0.898822   0.884608   0.102323   0.0491423   0.0770922   1.11962   -0.816349   0.509011   137.7
5   -2.4495   0.462988   -0.502699   0.360457   0.143803   0.025519   -0.169232   0.984331   -0.585832   0.17916   42.3417
3   -1.87797   0.301191   -0.346   0.560836   0.205067   0.0195087   -1.00713   1.12576   -0.300761   0.360872   20.2109
1   -2.44877   0.306682   -0.4393   1.0862   0.144006   -0.034136   -1.7325   0.475998   -0.291068   -0.376457   10.9398
1   -1.82856   0.243976   -0.410637   0.699698   0.073647   0.069891   -0.587175   -0.251448   -0.151424   -0.168989   4.53113
1   -2.98936   0.519915   -0.614458   0.696582   -0.055384   -0.089352   0.085667   -0.627706   0.437478   -0.03143   10.6741
3   -3.2222   0.673693   -1.29405   1.16746   -0.015418   0.0469163   0.325158   0.626185   -0.896978   0.0217187   46.5856
2   -2.65012   0.551425   -1.092   1.15146   0.140214   0.004218   -0.059717   0.205013   0.245885   0.426677   20.7831
1   -3.58165   0.771291   -1.21541   1.09691   0.158915   -0.09347   -0.62442   -0.529435   2.92014   1.05542   26.4488
10   -2.1114   0.411815   -0.790157   0.959632   0.323199   -0.0294644   -0.151178   -0.56397   2.27518   1.31914   140.056
6   -2.85596   0.557915   -1.02202   1.16511   0.182937   -0.0336013   -0.137843   -0.486333   2.09143   1.25969   105.24
7   -2.44265   0.509996   -0.925202   0.987167   0.141191   -0.0335409   -0.258205   -0.331658   1.26694   0.586083   74.8914
2   -2.0559   0.314842   -0.373347   0.7849   0.0801455   -0.102967   -0.620063   -0.436047   1.44032   0.486431   16.4065
2   -2.47427   0.283232   -0.061329   1.10237   0.885338   -0.190902   -1.80962   -0.210337   1.80904   0.21013   29.7902
1   -3.6797   0.503922   -0.164148   0.689082   0.14118   -0.060874   -2.16415   -0.159991   0.77916   -0.487381   19.8733
5   -2.65116   0.571979   -1.18161   1.10723   0.14706   0.0356236   0.511696   -0.687136   1.67568   1.38795   79.4238
5   -2.4834   0.524637   -1.16726   1.26216   0.232507   -0.0072564   0.165611   -0.881669   2.94395   1.92387   114.124
1   -3.8386   0.763645   -1.32225   1.2546   0.506516   0.102716   0.600558   -0.73585   2.59551   2.38542   32.2365
1   -4.48135   0.91957   -2.08055   2.40835   0.245011   -0.075244   0.053224   -0.743993   2.17114   1.53229   38.7407
1   -3.38006   0.717666   -1.60731   1.90129   0.160351   -0.054755   -0.582246   -0.10176   1.30176   0.472113   20.4338
1   -3.69636   0.747628   -1.58171   2.04948   0.856545   -0.02633   -0.44062   -0.231181   1.82803   1.11055   26.4812
6   -2.12735   0.408173   -0.517841   0.513611   0.0209525   -0.0212297   -0.401512   0.51515   -0.280488   -0.090715   36.4152
86   -1.2769   0.268527   -0.540108   0.518722   0.0531826   0.0282972   0.0146153   0.566078   -0.311964   0.332104   289.847
3   -1.39254   0.301136   -0.710133   0.724642   0.176481   0.0361607   0.391231   -0.325723   0.982289   1.05227   16.5335
10   -1.53737   0.333112   -0.698858   0.623943   0.0957596   0.0276325   0.375922   -0.366941   1.04902   0.956258   61.4221
4   -1.81167   0.381733   -0.753044   0.652983   0.0030855   0.013243   0.435719   -0.468405   0.532299   0.222926   21.8073
2   -1.35545   0.293393   -0.568159   0.678655   0.086496   -0.0549275   -0.458211   0.166625   0.438813   0.232019   6.42322
1   -3.00246   0.571441   -0.767956   0.716174   0.002166   -0.035481   0.115509   -0.609814   0.288677   -0.502201   11.166
6   -1.19558   -0.272021   1.21396   0.0967492   0.310547   -0.248261   -0.661424   -0.523434   -0.177543   -0.0944358   26.1327
7   -1.08247   -0.241567   0.90631   0.045054   0.023604   -0.141003   -1.08103   -0.159082   -0.30067   -0.0375321   26.6099
2   -1.66785   0.226965   0.399621   -0.32245   -0.046655   -0.0937575   -0.842864   -0.03289   0.210062   -0.437777   8.52048
11   -1.84905   0.00795618   0.957181   -0.0412355   -0.109206   -0.296291   -1.18871   -0.77352   0.135219   -0.848794   84.0046
2   -2.74585   0.124141   0.940273   0.175778   -0.136824   -0.305486   -2.16   -0.002363   -0.239928   -0.735645   28.044
6   -2.12223   -0.0741757   0.832722   0.431628   0.352626   -0.13665   -2.13665   0.0127713   -0.0977005   -0.426416   64.5994
13   -1.93967   0.120489   0.447646   0.146242   0.033492   -0.092546   -1.56033   0.363169   -0.163835   -0.341655   93.8034
1   -2.6407   0.229449   1.17613   -1.68017   -0.391309   0.009417   0.038513   -0.835684   -0.051804   -0.332472   12.1985
5   -2.30132   0.180444   0.872129   -0.546695   0.141104   -0.118279   -0.709085   -0.530091   0.316356   -0.446212   39.524
16   -0.684593   -1.1274   1.51901   0.779659   -0.137972   -0.492335   -0.130849   -0.885462   -0.739436   0.882964   121.552
5   -0.376803   -1.74917   -0.159121   -0.167126   0.0739072   -0.372881   -0.190772   -0.42298   -0.391155   0.417081   20.3731
26   -0.526919   -1.20113   0.737009   0.271043   0.0331238   -0.311092   -0.237779   -0.569287   -0.627852   0.64703   108.518
1   -1.18062   -1.93602   1.79755   0.908746   0.460126   -0.788617   -0.307708   -0.626042   -0.428599   -0.01057   10.7031
1   -1.62329   -1.6895   1.12754   0.343122   1.01759   -0.282289   -1.12684   -0.128472   -0.599626   0.68891   10.1142
1   -2.52989   -0.796833   1.71874   0.077973   -0.258744   -0.381136   -2.01753   -1.15094   -0.72512   -0.511762   16.3904
1   -2.06814   -0.369433   1.30929   0.685651   0.901049   -0.078291   -1.59515   -0.469904   -0.637971   -0.733482   11.1264
16   -0.493501   -1.85709   0.584795   0.383734   0.0136227   -1.06267   0.292865   0.00753475   -0.0691938   0.118454   94.2738
13   -0.576112   -2.13813   1.24455   0.966736   -0.33423   -1.58352   0.734467   0.292346   0.107527   0.0467805   145.538
1   -0.55279   -2.32354   0.756746   0.523116   -0.178969   -1.04365   0.273379   -0.505998   -0.508431   0.805447   8.90999
40   -0.580473   -1.37336   1.42102   0.905276   -0.239116   -0.967529   0.363455   -0.192502   -0.217818   0.407373   280.399
29   -0.307932   -1.37586   0.507667   0.490008   -0.177304   -1.18782   0.697954   0.861629   0.598123   -0.602622   185.026
18   -0.387332   -2.31192   -0.239624   -0.00983133   -0.0505272   -1.32309   0.47173   0.671042   0.482683   -0.527104   160.44
86   -0.414116   -2.73063   -0.866218   -0.460751   0.113979   -1.26453   0.17934   0.366035   0.286532   -0.331844   959.63
149   -0.291285   -2.1235   -1.2431   -0.834152   0.298526   -0.28471   -0.485464   -0.496483   -0.367027   0.35289   1192.6
119   -0.315752   -1.16358   0.405672   0.359448   -0.240638   1.68883   0.070719   0.174332   0.211919   -0.213681   638.749
22   -0.338135   -1.3831   0.58835   0.582208   -0.304182   1.2135   0.505551   0.76192   0.66043   -0.719171   138.492
11   -0.397283   -2.35524   0.195639   0.399491   -0.307957   0.635068   0.716256   1.03678   0.854515   -0.901434   110.272
1   -0.529781   -1.98757   1.10801   0.720826   1.18785   1.21548   0.760211   0.61917   0.422118   -0.506588   10.2628
31   -0.537704   -1.49899   1.2052   0.821701   -0.358225   1.5015   0.176191   -0.160854   -0.120202   0.275114   237.825
16   -0.683398   -2.21126   1.5525   1.19521   -0.450543   0.831549   0.532655   0.0952439   0.0989463   0.0558632   175.47
5   -0.538736   -1.82747   1.24265   0.989159   -0.12104   0.95444   0.661586   0.683486   0.541698   -0.563454   45.398
3   -0.658031   -2.19228   1.43882   1.11925   -0.610679   0.41139   0.811388   1.02979   0.806781   -0.863593   36.8912
7   -0.766893   -2.953   1.7099   1.385   -0.529714   0.0867177   0.935471   0.505353   0.334531   -0.135249   113.145
1   -0.957372   -3.10615   1.43128   1.0258   -0.405296   -0.272695   0.049797   -0.576573   -0.346972   0.606191   14.7269
10   -0.602464   -2.3459   0.84263   0.714755   -0.375506   0.82417   0.384735   0.410495   0.376867   -0.448524   90.6705
5   -0.909092   -2.73949   1.45982   0.988817   -0.445434   1.31908   -0.286756   -0.839903   -0.669891   0.713048   77.3682
67   -0.446753   -2.81943   -0.786076   -0.390191   -0.0099327   1.49716   -0.309457   -0.239625   -0.11976   0.107953   794.906
10   -0.292954   -1.95715   -0.463655   -0.178366   -0.0886006   1.5617   -0.0480624   0.0580893   0.169473   -0.176281   67.2784
27   -0.482653   -3.24132   -0.762811   -0.26579   -0.116369   0.647728   0.253655   0.558311   0.552126   -0.603925   360.338
3   -0.928242   -3.6965   0.963784   0.866413   -0.480281   0.247658   0.377616   0.53407   0.145837   -0.24753   51.9299
